time,1sec,total
0,1940,1940
1,2521,4461
2,2007,6468
3,2159,8627
4,2079,10706
5,1885,12591
6,1380,13971
7,2319,16290
8,1783,18073
9,1998,20071
10,2308,22379
11,2151,24530
12,1697,26227
13,2183,28410
14,1711,30121
15,1521,31642
16,2345,33987
17,1744,35731
18,1904,37635
19,2328,39963
20,2305,42268
21,2314,44582
22,2156,46738
23,1832,48570
24,1878,50448
25,2751,53199
26,2271,55470
27,2374,57844
28,2402,60246
29,1499,61745
30,1583,63328
31,1800,65128
32,2239,67367
33,2233,69600
34,2297,71897
35,1736,73633
36,2089,75722
37,2008,77730
38,1979,79709
39,2353,82062
40,2483,84545
41,2043,86588
42,2107,88695
43,2362,91057
44,2094,93151
45,1711,94862
46,2096,96958
47,2090,99048
48,2235,101283
49,2369,103652
50,2334,105986
51,2439,108425
52,2361,110786
53,2307,113093
54,2281,115374
55,2354,117728
56,2186,119914
57,1903,121817
58,2437,124254
59,2365,126619
60,2315,128934
61,2515,131449
62,2355,133804
63,2334,136138
64,2077,138215
65,2285,140500
66,2013,142513
67,2755,145268
68,2349,147617
69,2227,149844
70,2693,152537
71,2301,154838
72,2634,157472
73,2790,160262
74,2499,162761
75,2262,165023
76,2256,167279
77,1824,169103
78,2434,171537
79,2359,173896
80,2093,175989
81,2325,178314
82,2468,180782
83,2370,183152
84,2130,185282
85,2598,187880
86,2327,190207
87,2178,192385
88,2556,194941
89,2288,197229
90,2149,199378
91,2506,201884
92,2217,204101
93,2378,206479
94,2553,209032
95,2510,211542
96,2095,213637
97,2458,216095
98,2032,218127
99,2309,220436
100,2389,222825
101,2354,225179
102,2418,227597
103,2042,229639
104,2262,231901
105,1649,233550
106,1791,235341
107,1767,237108
108,1824,238932
109,2044,240976
110,1913,242889
111,1892,244781
112,2188,246969
113,2150,249119
114,2259,251378
115,2390,253768
116,2236,256004
117,2111,258115
118,2026,260141
119,2110,262251
120,2000,264251
121,2295,266546
122,2160,268706
123,2102,270808
124,2323,273131
125,1957,275088
126,2157,277245
127,2594,279839
128,2324,282163
129,1471,283634
130,2479,286113
131,2438,288551
132,2302,290853
133,2727,293580
134,2537,296117
135,2260,298377
136,2774,301151
137,2534,303685
138,2473,306158
139,2795,308953
140,2392,311345
141,1824,313169
142,2165,315334
143,1968,317302
144,2007,319309
145,2319,321628
146,1777,323405
147,2033,325438
148,1962,327400
149,2411,329811
150,2082,331893
151,2214,334107
152,2001,336108
153,1804,337912
154,2320,340232
155,2442,342674
156,2172,344846
157,2322,347168
158,1643,348811
159,2233,351044
160,2211,353255
161,2028,355283
162,1733,357016
163,2761,359777
164,2485,362262
165,1993,364255
166,2389,366644
167,2265,368909
168,2304,371213
169,2668,373881
170,2271,376152
171,1670,377822
172,2569,380391
173,2372,382763
174,2374,385137
175,2689,387826
176,2307,390133
177,2416,392549
178,2600,395149
179,2011,397160
180,2014,399174
181,2313,401487
182,2113,403600
183,2077,405677
184,1871,407548
185,2381,409929
186,2388,412317
187,2735,415052
188,2129,417181
189,1926,419107
190,1949,421056
191,1985,423041
192,2437,425478
193,2124,427602
194,1262,428864
195,2151,431015
196,2205,433220
197,1623,434843
198,2264,437107
199,2561,439668
200,2244,441912
201,2170,444082
202,2518,446600
203,2389,448989
204,2041,451030
205,2722,453752
206,2181,455933
207,2172,458105
208,2598,460703
209,2195,462898
210,2241,465139
211,2547,467686
212,2343,470029
213,2270,472299
214,2353,474652
215,2188,476840
216,2450,479290
217,2609,481899
218,1897,483796
219,1646,485442
220,2243,487685
221,2237,489922
222,2415,492337
223,2367,494704
224,2101,496805
225,2030,498835
226,2367,501202
227,2275,503477
228,2183,505660
229,2639,508299
230,2266,510565
231,2218,512783
232,2603,515386
233,2429,517815
234,2379,520194
235,2468,522662
236,2244,524906
237,2416,527322
238,2767,530089
239,2488,532577
240,2246,534823
241,2308,537131
242,2325,539456
243,2396,541852
244,2670,544522
245,2353,546875
246,2339,549214
247,2641,551855
248,2483,554338
249,2404,556742
250,2677,559419
251,2408,561827
252,1999,563826
253,2265,566091
254,1736,567827
255,2065,569892
256,1993,571885
257,2384,574269
258,2187,576456
259,2586,579042
260,2315,581357
261,2552,583909
262,2151,586060
263,2099,588159
264,2067,590226
265,2490,592716
266,2110,594826
267,2445,597271
268,2607,599878
269,2056,601934
270,1985,603919
271,2310,606229
272,2055,608284
273,2431,610715
274,2581,613296
275,2295,615591
276,2570,618161
277,2577,620738
278,2166,622904
279,2518,625422
280,2460,627882
281,2090,629972
282,2301,632273
283,2630,634903
284,2114,637017
285,2503,639520
286,2469,641989
287,2423,644412
288,2321,646733
289,2539,649272
290,2109,651381
291,2202,653583
292,2375,655958
293,2185,658143
294,2184,660327
295,2531,662858
296,2127,664985
297,2323,667308
298,2525,669833
299,2226,672059
300,2082,674141
301,2586,676727
302,2279,679006
303,2344,681350
304,2586,683936
305,2169,686105
306,1835,687940
307,2372,690312
308,1964,692276
309,2178,694454
310,1851,696305
311,2068,698373
312,2179,700552
313,2506,703058
314,2259,705317
315,2280,707597
316,2138,709735
317,1495,711230
318,2112,713342
319,2581,715923
320,1445,717368
321,2317,719685
322,2583,722268
323,1859,724127
324,1494,725621
325,2148,727769
326,1803,729572
327,2399,731971
328,2385,734356
329,2128,736484
330,2045,738529
331,2470,740999
332,2347,743346
333,2527,745873
334,2259,748132
335,2549,750681
336,2382,753063
337,2644,755707
338,2050,757757
339,2449,760206
340,2554,762760
341,2067,764827
342,2316,767143
343,2550,769693
344,2415,772108
345,2358,774466
346,2454,776920
347,2310,779230
348,2160,781390
349,2503,783893
350,2076,785969
351,2448,788417
352,2325,790742
353,2227,792969
354,2140,795109
355,2742,797851
356,1975,799826
357,2063,801889
358,2285,804174
359,2241,806415
360,1840,808255
361,2212,810467
362,1992,812459
363,1901,814360
364,2078,816438
365,1879,818317
366,1905,820222
367,2169,822391
368,1955,824346
369,2151,826497
370,2224,828721
371,2049,830770
372,2025,832795
373,2619,835414
374,1911,837325
375,2141,839466
376,2135,841601
377,2089,843690
378,2694,846384
379,2353,848737
380,1770,850507
381,2341,852848
382,2123,854971
383,2025,856996
384,1743,858739
385,2274,861013
386,2377,863390
387,2353,865743
388,2468,868211
389,2381,870592
390,2450,873042
391,2465,875507
392,2338,877845
393,2480,880325
394,2710,883035
395,2462,885497
396,2413,887910
397,2805,890715
398,2382,893097
399,2398,895495
400,2930,898425
401,2176,900601
402,2469,903070
403,2743,905813
404,2318,908131
405,2400,910531
406,2437,912968
407,2355,915323
408,2264,917587
409,2462,920049
410,2268,922317
411,2242,924559
412,2430,926989
413,2079,929068
414,1927,930995
415,2495,933490
416,2085,935575
417,2378,937953
418,2083,940036
419,1851,941887
420,1844,943731
421,2150,945881
422,1805,947686
423,1842,949528
424,2108,951636
425,1951,953587
426,1917,955504
427,2122,957626
428,1759,959385
429,2058,961443
430,2122,963565
431,1951,965516
432,1869,967385
433,2543,969928
434,2425,972353
435,2483,974836
436,2398,977234
437,1527,978761
438,1566,980327
439,2187,982514
440,2107,984621
441,2240,986861
442,2399,989260
443,2163,991423
444,2182,993605
445,2573,996178
446,2095,998273
447,2354,1000627
448,2569,1003196
449,2215,1005411
450,2619,1008030
451,2700,1010730
452,2192,1012922
453,2269,1015191
454,2268,1017459
455,2290,1019749
456,1984,1021733
457,2658,1024391
458,1691,1026082
459,895,1026977
460,1607,1028584
461,2336,1030920
462,2341,1033261
463,2502,1035763
464,2294,1038057
465,2257,1040314
466,2850,1043164
467,2552,1045716
468,2161,1047877
469,2783,1050660
470,2060,1052720
471,2356,1055076
472,2755,1057831
473,2347,1060178
474,2450,1062628
475,2886,1065514
476,2422,1067936
477,1664,1069600
478,2018,1071618
479,1847,1073465
480,1941,1075406
481,2290,1077696
482,1252,1078948
483,2171,1081119
484,2499,1083618
485,2097,1085715
486,2313,1088028
487,2372,1090400
488,2154,1092554
489,2395,1094949
490,2518,1097467
491,2398,1099865
492,2315,1102180
493,2472,1104652
494,2078,1106730
495,2170,1108900
496,2201,1111101
497,2011,1113112
498,2237,1115349
499,2521,1117870
500,2345,1120215
501,2399,1122614
502,2738,1125352
503,2348,1127700
504,2577,1130277
505,2768,1133045
506,2465,1135510
507,1890,1137400
508,2091,1139491
509,2072,1141563
510,2330,1143893
511,2372,1146265
512,2146,1148411
513,2284,1150695
514,2102,1152797
515,1965,1154762
516,2102,1156864
517,2558,1159422
518,2391,1161813
519,2518,1164331
520,2700,1167031
521,2542,1169573
522,2608,1172181
523,2713,1174894
524,2491,1177385
525,2314,1179699
526,2451,1182150
527,2131,1184281
528,2436,1186717
529,2736,1189453
530,2466,1191919
531,2611,1194530
532,2782,1197312
533,2419,1199731
534,2334,1202065
535,2439,1204504
536,1842,1206346
537,2108,1208454
538,2412,1210866
539,2169,1213035
540,2284,1215319
541,2405,1217724
542,2187,1219911
543,2574,1222485
544,1867,1224352
545,1754,1226106
546,1990,1228096
547,1965,1230061
548,2154,1232215
549,2135,1234350
550,2336,1236686
551,2112,1238798
552,2191,1240989
553,2503,1243492
554,1872,1245364
555,2133,1247497
556,2735,1250232
557,2115,1252347
558,2305,1254652
559,2365,1257017
560,2261,1259278
561,2476,1261754
562,2316,1264070
563,2154,1266224
564,2036,1268260
565,2199,1270459
566,2290,1272749
567,1865,1274614
568,2298,1276912
569,2164,1279076
570,2441,1281517
571,2705,1284222
572,2096,1286318
573,1390,1287708
574,2239,1289947
575,2324,1292271
576,2224,1294495
577,1914,1296409
578,1945,1298354
579,1998,1300352
580,2447,1302799
581,1975,1304774
582,2542,1307316
583,2598,1309914
584,2022,1311936
585,2460,1314396
586,1692,1316088
587,1881,1317969
588,1557,1319526
589,2231,1321757
590,2041,1323798
591,2100,1325898
592,1953,1327851
593,1881,1329732
594,1870,1331602
595,2118,1333720
596,1817,1335537
597,2107,1337644
598,2480,1340124
599,1855,1341979
600,1811,1343790
601,2152,1345942
602,1503,1347445
603,2168,1349613
604,2302,1351915
605,2269,1354184
606,2244,1356428
607,2494,1358922
608,1886,1360808
609,2096,1362904
610,2364,1365268
611,2068,1367336
612,2399,1369735
613,2402,1372137
614,1766,1373903
615,2294,1376197
616,2596,1378793
617,2355,1381148
618,2361,1383509
619,2422,1385931
620,2422,1388353
621,2512,1390865
622,2540,1393405
623,2339,1395744
624,2444,1398188
625,2545,1400733
626,2210,1402943
627,2110,1405053
628,2707,1407760
629,2196,1409956
630,2507,1412463
631,2526,1414989
632,2266,1417255
633,2533,1419788
634,2587,1422375
635,2388,1424763
636,2493,1427256
637,2659,1429915
638,2211,1432126
639,2426,1434552
640,2435,1436987
641,2260,1439247
642,2419,1441666
643,2564,1444230
644,2327,1446557
645,2202,1448759
646,2504,1451263
647,1987,1453250
648,2315,1455565
649,2507,1458072
650,2107,1460179
651,2408,1462587
652,2548,1465135
653,2323,1467458
654,2502,1469960
655,2471,1472431
656,2215,1474646
657,2490,1477136
658,2740,1479876
659,2407,1482283
660,1230,1483513
661,2299,1485812
662,2370,1488182
663,2390,1490572
664,2387,1492959
665,2328,1495287
666,2705,1497992
667,2768,1500760
668,1844,1502604
669,2465,1505069
670,2632,1507701
671,2256,1509957
672,2404,1512361
673,2575,1514936
674,2255,1517191
675,2382,1519573
676,2635,1522208
677,2305,1524513
678,1524,1526037
679,2291,1528328
680,2294,1530622
681,2394,1533016
682,2736,1535752
683,2106,1537858
684,2154,1540012
685,2511,1542523
686,2176,1544699
687,2107,1546806
688,2609,1549415
689,2283,1551698
690,2313,1554011
691,2729,1556740
692,2257,1558997
693,2378,1561375
694,2453,1563828
695,2285,1566113
696,2624,1568737
697,2557,1571294
698,2223,1573517
699,2414,1575931
700,2705,1578636
701,2262,1580898
702,2426,1583324
703,2554,1585878
704,2272,1588150
705,2359,1590509
706,2601,1593110
707,2369,1595479
708,2261,1597740
709,2580,1600320
710,1829,1602149
711,876,1603025
712,2311,1605336
713,2128,1607464
714,2535,1609999
715,2313,1612312
716,2209,1614521
717,1929,1616450
718,2694,1619144
719,2192,1621336
720,2568,1623904
721,2652,1626556
722,2257,1628813
723,2014,1630827
724,2236,1633063
725,2248,1635311
726,2197,1637508
727,2384,1639892
728,1927,1641819
729,2041,1643860
730,2451,1646311
731,2273,1648584
732,2364,1650948
733,2582,1653530
734,1856,1655386
735,2159,1657545
736,2315,1659860
737,2037,1661897
738,2328,1664225
739,2461,1666686
740,1820,1668506
741,2466,1670972
742,2783,1673755
743,2287,1676042
744,2316,1678358
745,2557,1680915
746,2280,1683195
747,2417,1685612
748,2534,1688146
749,2210,1690356
750,2460,1692816
751,2463,1695279
752,2295,1697574
753,2539,1700113
754,2620,1702733
755,2253,1704986
756,2446,1707432
757,2524,1709956
758,2256,1712212
759,2601,1714813
760,2464,1717277
761,2376,1719653
762,2486,1722139
763,2514,1724653
764,2312,1726965
765,2702,1729667
766,2607,1732274
767,2154,1734428
768,2355,1736783
769,2262,1739045
770,2226,1741271
771,2300,1743571
772,2570,1746141
773,2293,1748434
774,2577,1751011
775,2422,1753433
776,2219,1755652
777,2513,1758165
778,2768,1760933
779,2375,1763308
780,2368,1765676
781,2611,1768287
782,2348,1770635
783,2632,1773267
784,2636,1775903
785,2233,1778136
786,2343,1780479
787,2542,1783021
788,2375,1785396
789,2368,1787764
790,2666,1790430
791,2324,1792754
792,2473,1795227
793,2145,1797372
794,2251,1799623
795,2202,1801825
796,2338,1804163
797,2209,1806372
798,2093,1808465
799,2108,1810573
800,2044,1812617
801,1485,1814102
802,1868,1815970
803,1570,1817540
804,1839,1819379
805,2545,1821924
806,2287,1824211
807,2431,1826642
808,2652,1829294
809,2006,1831300
810,2331,1833631
811,2777,1836408
812,2172,1838580
813,2704,1841284
814,2660,1843944
815,2201,1846145
816,2473,1848618
817,1737,1850355
818,1616,1851971
819,2221,1854192
820,2074,1856266
821,1781,1858047
822,1998,1860045
823,2246,1862291
824,2063,1864354
825,2269,1866623
826,2586,1869209
827,1915,1871124
828,2427,1873551
829,1772,1875323
830,1832,1877155
831,2177,1879332
832,2091,1881423
833,1507,1882930
834,2181,1885111
835,2448,1887559
836,1833,1889392
837,2200,1891592
838,2538,1894130
839,2056,1896186
840,2211,1898397
841,1939,1900336
842,1513,1901849
843,1911,1903760
844,1589,1905349
845,1817,1907166
846,2338,1909504
847,2195,1911699
848,1817,1913516
849,2132,1915648
850,2449,1918097
851,2131,1920228
852,1829,1922057
853,2218,1924275
854,2267,1926542
855,1766,1928308
856,2286,1930594
857,1852,1932446
858,2037,1934483
859,2372,1936855
860,1925,1938780
861,2301,1941081
862,1755,1942836
863,1417,1944253
864,1690,1945943
865,2207,1948150
866,2367,1950517
867,2081,1952598
868,1915,1954513
869,1355,1955868
870,1951,1957819
871,2626,1960445
872,1293,1961738
873,1898,1963636
874,1993,1965629
875,1723,1967352
876,1744,1969096
877,2119,1971215
878,1355,1972570
879,1876,1974446
880,2141,1976587
881,1875,1978462
882,2424,1980886
883,2353,1983239
884,2011,1985250
885,1885,1987135
886,2434,1989569
887,2273,1991842
888,2563,1994405
889,2374,1996779
890,2146,1998925
891,1715,2000640
892,2149,2002789
893,1952,2004741
894,2369,2007110
895,2209,2009319
896,2184,2011503
897,2556,2014059
898,2523,2016582
899,1882,2018464
900,2233,2020697
901,2659,2023356
902,2441,2025797
903,2433,2028230
904,1955,2030185
905,1905,2032090
906,1918,2034008
907,1371,2035379
908,1818,2037197
909,2068,2039265
910,2229,2041494
911,1922,2043416
912,2137,2045553
913,2386,2047939
914,2105,2050044
915,2450,2052494
916,2475,2054969
917,1924,2056893
918,2199,2059092
919,2412,2061504
920,2039,2063543
921,1968,2065511
922,2504,2068015
923,2182,2070197
924,2613,2072810
925,2478,2075288
926,2053,2077341
927,2107,2079448
928,2472,2081920
929,2216,2084136
930,2175,2086311
931,2253,2088564
932,1827,2090391
933,2159,2092550
934,2400,2094950
935,2264,2097214
936,2202,2099416
937,2421,2101837
938,2158,2103995
939,2211,2106206
940,2752,2108958
941,2376,2111334
942,2640,2113974
943,2612,2116586
944,2250,2118836
945,2446,2121282
946,2636,2123918
947,2265,2126183
948,2786,2128969
949,2136,2131105
950,1396,2132501
951,1920,2134421
952,1889,2136310
953,1610,2137920
954,2518,2140438
955,2447,2142885
956,1972,2144857
957,2641,2147498
958,2568,2150066
959,2321,2152387
960,2460,2154847
961,2667,2157514
962,2251,2159765
963,2475,2162240
964,2553,2164793
965,2248,2167041
966,2470,2169511
967,2683,2172194
968,2204,2174398
969,2328,2176726
970,2536,2179262
971,2310,2181572
972,2655,2184227
973,2565,2186792
974,2172,2188964
975,2709,2191673
976,2687,2194360
977,2119,2196479
978,2521,2199000
979,2687,2201687
980,2286,2203973
981,2573,2206546
982,2669,2209215
983,2275,2211490
984,2555,2214045
985,2616,2216661
986,2226,2218887
987,2579,2221466
988,2548,2224014
989,2340,2226354
990,2595,2228949
991,2496,2231445
992,2270,2233715
993,2590,2236305
994,2661,2238966
995,2204,2241170
996,2339,2243509
997,2440,2245949
998,2145,2248094
999,2059,2250153
1000,2157,2252310
1001,1974,2254284
1002,2248,2256532
1003,2446,2258978
1004,1898,2260876
1005,2242,2263118
1006,2574,2265692
1007,2159,2267851
1008,2471,2270322
1009,2536,2272858
1010,2202,2275060
1011,2158,2277218
1012,2099,2279317
1013,2313,2281630
1014,2516,2284146
1015,2608,2286754
1016,2145,2288899
1017,2282,2291181
1018,2713,2293894
1019,2234,2296128
1020,2621,2298749
1021,2673,2301422
1022,1318,2302740
1023,1678,2304418
1024,2493,2306911
1025,1933,2308844
1026,1335,2310179
1027,1268,2311447
1028,1143,2312590
1029,1188,2313778
1030,1664,2315442
1031,1071,2316513
1032,2471,2318984
1033,2549,2321533
1034,1499,2323032
1035,1758,2324790
1036,2286,2327076
1037,1895,2328971
1038,2212,2331183
1039,2346,2333529
1040,2186,2335715
1041,2756,2338471
1042,2517,2340988
1043,2301,2343289
1044,2573,2345862
1045,2546,2348408
1046,1979,2350387
1047,2446,2352833
1048,2593,2355426
1049,1967,2357393
1050,2221,2359614
1051,1516,2361130
1052,2113,2363243
1053,2327,2365570
1054,2695,2368265
1055,2026,2370291
1056,2509,2372800
1057,2379,2375179
1058,1428,2376607
1059,1812,2378419
1060,2588,2381007
1061,2257,2383264
1062,2419,2385683
1063,2601,2388284
1064,2217,2390501
1065,2010,2392511
1066,2635,2395146
1067,2204,2397350
1068,2523,2399873
1069,1921,2401794
1070,2175,2403969
1071,2548,2406517
1072,2449,2408966
1073,1822,2410788
1074,1934,2412722
1075,1586,2414308
1076,1827,2416135
1077,2107,2418242
1078,2381,2420623
1079,2101,2422724
1080,1884,2424608
1081,2279,2426887
1082,1947,2428834
1083,2502,2431336
1084,2339,2433675
1085,2337,2436012
1086,2074,2438086
1087,2653,2440739
1088,1886,2442625
1089,2276,2444901
1090,2045,2446946
1091,1318,2448264
1092,1168,2449432
1093,1401,2450833
1094,1362,2452195
1095,1835,2454030
1096,2321,2456351
1097,1864,2458215
1098,2375,2460590
1099,2308,2462898
1100,1881,2464779
1101,1776,2466555
1102,1939,2468494
1103,2174,2470668
1104,2360,2473028
1105,2423,2475451
1106,2060,2477511
1107,2431,2479942
1108,2427,2482369
1109,2133,2484502
1110,2348,2486850
1111,2335,2489185
1112,2001,2491186
1113,1716,2492902
1114,1578,2494480
1115,1529,2496009
1116,2293,2498302
1117,2510,2500812
1118,1956,2502768
1119,1703,2504471
1120,2446,2506917
1121,2099,2509016
1122,2301,2511317
1123,1752,2513069
1124,1408,2514477
1125,1113,2515590
1126,2180,2517770
1127,1681,2519451
1128,2244,2521695
1129,2462,2524157
1130,2130,2526287
1131,2436,2528723
1132,2623,2531346
1133,2050,2533396
1134,1980,2535376
1135,2416,2537792
1136,1538,2539330
1137,1316,2540646
1138,1343,2541989
1139,1322,2543311
1140,1486,2544797
1141,1636,2546433
1142,1445,2547878
1143,2221,2550099
1144,2558,2552657
1145,2272,2554929
1146,2674,2557603
1147,2475,2560078
1148,2027,2562105
1149,2314,2564419
1150,2551,2566970
1151,1730,2568700
1152,2383,2571083
1153,2592,2573675
1154,2215,2575890
1155,2557,2578447
1156,1706,2580153
1157,1280,2581433
1158,1657,2583090
1159,2705,2585795
1160,2174,2587969
1161,2492,2590461
1162,2540,2593001
1163,2096,2595097
1164,2563,2597660
1165,2585,2600245
1166,2080,2602325
1167,2418,2604743
1168,2665,2607408
1169,2225,2609633
1170,2622,2612255
1171,2531,2614786
1172,2087,2616873
1173,2431,2619304
1174,2642,2621946
1175,2291,2624237
1176,2441,2626678
1177,2593,2629271
1178,2218,2631489
1179,2582,2634071
1180,2570,2636641
1181,2044,2638685
1182,2443,2641128
1183,2510,2643638
1184,2379,2646017
1185,2606,2648623
1186,2517,2651140
1187,2267,2653407
1188,2441,2655848
1189,2426,2658274
1190,2251,2660525
1191,2418,2662943
1192,2479,2665422
1193,2171,2667593
1194,2440,2670033
1195,2527,2672560
1196,2108,2674668
1197,2589,2677257
1198,2299,2679556
1199,2244,2681800
1200,2464,2684264
1201,2573,2686837
1202,2212,2689049
1203,2634,2691683
1204,2518,2694201
1205,2136,2696337
1206,2510,2698847
1207,2523,2701370
1208,2194,2703564
1209,2448,2706012
1210,2506,2708518
1211,2037,2710555
1212,2588,2713143
1213,2424,2715567
1214,2264,2717831
1215,2625,2720456
1216,2481,2722937
1217,2197,2725134
1218,2101,2727235
1219,2174,2729409
1220,1806,2731215
1221,2281,2733496
1222,2441,2735937
1223,1911,2737848
1224,2350,2740198
1225,2602,2742800
1226,2245,2745045
1227,2639,2747684
1228,2776,2750460
1229,2037,2752497
1230,2252,2754749
1231,2041,2756790
1232,2186,2758976
1233,2637,2761613
1234,2751,2764364
1235,2150,2766514
1236,2623,2769137
1237,2640,2771777
1238,2155,2773932
1239,2518,2776450
1240,2714,2779164
1241,2246,2781410
1242,2542,2783952
1243,2637,2786589
1244,2193,2788782
1245,2611,2791393
1246,2676,2794069
1247,2222,2796291
1248,2531,2798822
1249,2523,2801345
1250,2239,2803584
1251,2638,2806222
1252,2568,2808790
1253,2189,2810979
1254,2699,2813678
1255,2465,2816143
1256,2290,2818433
1257,2788,2821221
1258,2529,2823750
1259,2188,2825938
1260,2538,2828476
1261,2678,2831154
1262,2268,2833422
1263,2580,2836002
1264,2731,2838733
1265,2162,2840895
1266,2601,2843496
1267,2461,2845957
1268,1287,2847244
1269,1899,2849143
1270,2254,2851397
1271,768,2852165
1272,2204,2854369
1273,2150,2856519
1274,2133,2858652
1275,2312,2860964
1276,2491,2863455
1277,2170,2865625
1278,2554,2868179
1279,2485,2870664
1280,2242,2872906
1281,2613,2875519
1282,2384,2877903
1283,2321,2880224
1284,2419,2882643
1285,2462,2885105
1286,2341,2887446
1287,2616,2890062
1288,2472,2892534
1289,2155,2894689
1290,2446,2897135
1291,2638,2899773
1292,2160,2901933
1293,2700,2904633
1294,2546,2907179
1295,2214,2909393
1296,2618,2912011
1297,2650,2914661
1298,2376,2917037
1299,2597,2919634
1300,2628,2922262
1301,2230,2924492
1302,2542,2927034
1303,2662,2929696
1304,2276,2931972
1305,2583,2934555
1306,2574,2937129
1307,2271,2939400
1308,2726,2942126
1309,2607,2944733
1310,2082,2946815
1311,2440,2949255
1312,2439,2951694
1313,2222,2953916
1314,2411,2956327
1315,2581,2958908
1316,2190,2961098
1317,1548,2962646
1318,1594,2964240
1319,1758,2965998
1320,2642,2968640
1321,2648,2971288
1322,2229,2973517
1323,2623,2976140
1324,2683,2978823
1325,2066,2980889
1326,2334,2983223
1327,2077,2985300
1328,2037,2987337
1329,1918,2989255
1330,2555,2991810
1331,2135,2993945
1332,2513,2996458
1333,2629,2999087
1334,2262,3001349
1335,2583,3003932
1336,2324,3006256
1337,2084,3008340
1338,2198,3010538
1339,2596,3013134
1340,2187,3015321
1341,2291,3017612
1342,2569,3020181
1343,2256,3022437
1344,2379,3024816
1345,2573,3027389
1346,2181,3029570
1347,2380,3031950
1348,2535,3034485
1349,2286,3036771
1350,2812,3039583
1351,2459,3042042
1352,1945,3043987
1353,2438,3046425
1354,2716,3049141
1355,2077,3051218
1356,2506,3053724
1357,2322,3056046
1358,1994,3058040
1359,2469,3060509
1360,2724,3063233
1361,2065,3065298
1362,2618,3067916
1363,2609,3070525
1364,2159,3072684
1365,2529,3075213
1366,2683,3077896
1367,2217,3080113
1368,2612,3082725
1369,2472,3085197
1370,2082,3087279
1371,2524,3089803
1372,2592,3092395
1373,2174,3094569
1374,2586,3097155
1375,2433,3099588
1376,2288,3101876
1377,2950,3104826
1378,2700,3107526
1379,2188,3109714
1380,2717,3112431
1381,2551,3114982
1382,2158,3117140
1383,2582,3119722
1384,2470,3122192
1385,2115,3124307
1386,2529,3126836
1387,2552,3129388
1388,2156,3131544
1389,2846,3134390
1390,2574,3136964
1391,2145,3139109
1392,2528,3141637
1393,2583,3144220
1394,2235,3146455
1395,2474,3148929
1396,2452,3151381
1397,2297,3153678
1398,2604,3156282
1399,2595,3158877
1400,2327,3161204
1401,2464,3163668
1402,2512,3166180
1403,2372,3168552
1404,2426,3170978
1405,2664,3173642
1406,2286,3175928
1407,2553,3178481
1408,2654,3181135
1409,2287,3183422
1410,2184,3185606
1411,2345,3187951
1412,2049,3190000
1413,2668,3192668
1414,2255,3194923
1415,1817,3196740
1416,1929,3198669
1417,2018,3200687
1418,1887,3202574
1419,2768,3205342
1420,1896,3207238
1421,1488,3208726
1422,2196,3210922
1423,2209,3213131
1424,1929,3215060
1425,1419,3216479
1426,2340,3218819
1427,1740,3220559
1428,1607,3222166
1429,1812,3223978
1430,1878,3225856
1431,1544,3227400
1432,2073,3229473
1433,1549,3231022
1434,1969,3232991
1435,2048,3235039
1436,1909,3236948
1437,2142,3239090
1438,1980,3241070
1439,1768,3242838
1440,1944,3244782
1441,2538,3247320
1442,2121,3249441
1443,2327,3251768
1444,2211,3253979
1445,2124,3256103
1446,2631,3258734
1447,2579,3261313
1448,2268,3263581
1449,2510,3266091
1450,2341,3268432
1451,1924,3270356
1452,2475,3272831
1453,2610,3275441
1454,2355,3277796
1455,2766,3280562
1456,2252,3282814
1457,2261,3285075
1458,2889,3287964
1459,2618,3290582
1460,2198,3292780
1461,2344,3295124
1462,2029,3297153
1463,2048,3299201
1464,2612,3301813
1465,1137,3302950
1466,1279,3304229
1467,2267,3306496
1468,2280,3308776
1469,2044,3310820
1470,2384,3313204
1471,2385,3315589
1472,1814,3317403
1473,2139,3319542
1474,1597,3321139
1475,781,3321920
1476,1576,3323496
1477,1782,3325278
1478,2156,3327434
1479,2243,3329677
1480,1908,3331585
1481,1918,3333503
1482,2339,3335842
1483,2271,3338113
1484,2370,3340483
1485,1950,3342433
1486,2195,3344628
1487,1978,3346606
1488,2063,3348669
1489,1991,3350660
1490,2306,3352966
1491,2589,3355555
1492,2432,3357987
1493,2254,3360241
1494,1377,3361618
1495,2046,3363664
1496,2421,3366085
1497,2596,3368681
1498,2583,3371264
1499,2463,3373727
1500,2571,3376298
1501,2710,3379008
1502,2529,3381537
1503,2594,3384131
1504,2535,3386666
1505,2078,3388744
1506,1062,3389806
1507,2304,3392110
1508,2449,3394559
1509,2286,3396845
1510,2263,3399108
1511,2837,3401945
1512,2505,3404450
1513,2583,3407033
1514,2639,3409672
1515,2527,3412199
1516,2506,3414705
1517,2696,3417401
1518,2645,3420046
1519,2600,3422646
1520,2692,3425338
1521,2667,3428005
1522,2849,3430854
1523,2597,3433451
1524,2697,3436148
1525,2547,3438695
1526,2574,3441269
1527,2320,3443589
1528,2742,3446331
1529,2586,3448917
1530,2542,3451459
1531,2632,3454091
1532,2568,3456659
1533,2640,3459299
1534,2754,3462053
1535,2583,3464636
1536,2653,3467289
1537,2656,3469945
1538,2762,3472707
1539,2656,3475363
1540,2657,3478020
1541,2679,3480699
1542,2644,3483343
1543,2652,3485995
1544,2596,3488591
1545,2537,3491128
1546,2592,3493720
1547,2581,3496301
1548,2679,3498980
1549,2633,3501613
1550,2652,3504265
1551,2608,3506873
1552,2606,3509479
1553,2596,3512075
1554,2567,3514642
1555,2592,3517234
1556,2568,3519802
1557,2640,3522442
1558,2583,3525025
1559,2617,3527642
1560,2617,3530259
1561,2668,3532927
1562,2570,3535497
1563,2592,3538089
1564,2629,3540718
1565,2610,3543328
1566,2731,3546059
1567,2601,3548660
1568,2584,3551244
1569,2612,3553856
1570,2567,3556423
1571,2710,3559133
1572,2525,3561658
1573,2581,3564239
1574,2541,3566780
1575,2652,3569432
1576,2546,3571978
1577,2305,3574283
1578,1766,3576049
1579,2071,3578120
1580,2764,3580884
1581,2921,3583805
1582,2822,3586627
1583,2665,3589292
1584,2548,3591840
1585,2632,3594472
1586,2767,3597239
1587,2437,3599676
1588,2675,3602351
1589,2672,3605023
1590,2528,3607551
1591,2656,3610207
1592,2821,3613028
1593,2936,3615964
1594,2703,3618667
1595,2580,3621247
1596,2028,3623275
1597,2597,3625872
1598,2172,3628044
1599,2352,3630396
1600,2219,3632615
1601,1304,3633919
1602,1655,3635574
1603,1717,3637291
1604,2018,3639309
1605,2101,3641410
1606,2294,3643704
1607,2039,3645743
1608,1850,3647593
1609,2125,3649718
1610,2383,3652101
1611,2184,3654285
1612,1844,3656129
1613,2305,3658434
1614,2424,3660858
1615,2494,3663352
1616,2460,3665812
1617,2504,3668316
1618,2114,3670430
1619,1954,3672384
1620,2559,3674943
1621,2303,3677246
1622,2517,3679763
1623,1763,3681526
1624,2358,3683884
1625,2867,3686751
1626,2533,3689284
1627,2533,3691817
1628,2372,3694189
1629,1796,3695985
1630,2498,3698483
1631,2737,3701220
1632,2936,3704156
1633,2798,3706954
1634,2311,3709265
1635,2013,3711278
1636,1740,3713018
1637,2050,3715068
1638,2226,3717294
1639,2633,3719927
1640,2850,3722777
1641,2828,3725605
1642,2752,3728357
1643,2352,3730709
1644,2205,3732914
1645,2198,3735112
1646,2501,3737613
1647,2429,3740042
1648,2300,3742342
1649,1964,3744306
1650,2503,3746809
1651,2514,3749323
1652,2465,3751788
1653,2623,3754411
1654,2476,3756887
1655,2535,3759422
1656,2472,3761894
1657,2546,3764440
1658,2453,3766893
1659,2395,3769288
1660,2479,3771767
1661,2574,3774341
1662,2498,3776839
1663,2220,3779059
1664,2087,3781146
1665,1640,3782786
1666,2329,3785115
1667,2466,3787581
1668,2641,3790222
1669,2134,3792356
1670,2483,3794839
1671,2587,3797426
1672,1223,3798649
1673,2247,3800896
1674,2412,3803308
1675,2704,3806012
1676,1896,3807908
1677,2284,3810192
1678,2487,3812679
1679,2371,3815050
1680,2282,3817332
1681,2234,3819566
1682,2547,3822113
1683,2311,3824424
1684,2448,3826872
1685,2600,3829472
1686,2325,3831797
1687,2637,3834434
1688,2499,3836933
1689,2360,3839293
1690,2623,3841916
1691,2123,3844039
1692,2460,3846499
1693,2472,3848971
1694,2370,3851341
1695,1683,3853024
1696,2625,3855649
1697,2605,3858254
1698,2676,3860930
1699,1745,3862675
1700,1219,3863894
1701,2112,3866006
1702,2116,3868122
1703,2599,3870721
1704,2068,3872789
1705,2186,3874975
1706,2544,3877519
1707,2609,3880128
1708,1738,3881866
1709,2410,3884276
1710,1742,3886018
1711,1362,3887380
1712,1853,3889233
1713,2246,3891479
1714,2470,3893949
1715,2449,3896398
1716,2409,3898807
1717,2221,3901028
1718,2431,3903459
1719,2208,3905667
1720,2443,3908110
1721,2522,3910632
1722,2306,3912938
1723,1558,3914496
1724,2093,3916589
1725,2079,3918668
1726,2493,3921161
1727,2223,3923384
1728,2520,3925904
1729,2171,3928075
1730,2339,3930414
1731,2267,3932681
1732,2287,3934968
1733,2063,3937031
1734,1978,3939009
1735,1585,3940594
1736,1410,3942004
1737,2087,3944091
1738,1630,3945721
1739,2408,3948129
1740,2437,3950566
1741,2218,3952784
1742,2384,3955168
1743,2403,3957571
1744,2227,3959798
1745,2456,3962254
1746,2517,3964771
1747,2008,3966779
1748,2454,3969233
1749,1485,3970718
1750,2125,3972843
1751,2246,3975089
1752,1856,3976945
1753,1150,3978095
1754,1273,3979368
1755,1881,3981249
1756,1675,3982924
1757,2722,3985646
1758,2753,3988399
1759,2647,3991046
1760,2496,3993542
1761,2517,3996059
1762,2643,3998702
1763,2819,4001521
1764,2708,4004229
1765,2631,4006860
1766,2723,4009583
1767,2378,4011961
1768,2499,4014460
1769,1968,4016428
1770,2176,4018604
1771,2690,4021294
1772,2401,4023695
1773,2533,4026228
1774,1766,4027994
1775,2137,4030131
1776,2139,4032270
1777,1741,4034011
1778,1460,4035471
1779,2136,4037607
1780,2637,4040244
1781,2180,4042424
1782,2603,4045027
1783,2458,4047485
1784,2360,4049845
1785,2269,4052114
1786,2205,4054319
1787,2571,4056890
1788,2381,4059271
1789,2197,4061468
1790,2161,4063629
1791,2038,4065667
1792,2485,4068152
1793,2364,4070516
1794,2444,4072960
1795,2641,4075601
1796,2201,4077802
1797,2442,4080244
1798,2543,4082787
1799,2535,4085322
1800,2394,4087716
1801,2503,4090219
1802,2720,4092939
1803,2716,4095655
1804,2575,4098230
1805,2645,4100875
1806,2805,4103680
1807,2559,4106239
1808,2549,4108788
1809,2409,4111197
1810,2225,4113422
1811,2338,4115760
1812,2079,4117839
1813,2337,4120176
1814,2365,4122541
1815,2398,4124939
1816,2511,4127450
1817,2382,4129832
1818,1989,4131821
1819,1990,4133811
1820,2386,4136197
1821,2328,4138525
1822,2391,4140916
1823,2287,4143203
1824,2319,4145522
1825,1726,4147248
1826,2292,4149540
1827,2585,4152125
1828,2203,4154328
1829,1316,4155644
1830,2244,4157888
1831,2254,4160142
1832,2487,4162629
1833,2614,4165243
1834,2389,4167632
1835,2260,4169892
1836,2360,4172252
1837,2490,4174742
1838,2467,4177209
1839,2419,4179628
1840,2433,4182061
1841,2630,4184691
1842,2806,4187497
1843,2359,4189856
1844,1914,4191770
1845,916,4192686
1846,2040,4194726
1847,2115,4196841
1848,2732,4199573
1849,2307,4201880
1850,2581,4204461
1851,2310,4206771
1852,2396,4209167
1853,2293,4211460
1854,2294,4213754
1855,2458,4216212
1856,2365,4218577
1857,2019,4220596
1858,2532,4223128
1859,2514,4225642
1860,2180,4227822
1861,2513,4230335
1862,2383,4232718
1863,2810,4235528
1864,2403,4237931
1865,2537,4240468
1866,2301,4242769
1867,2303,4245072
1868,2374,4247446
1869,2533,4249979
1870,2575,4252554
1871,2233,4254787
1872,2503,4257290
1873,2326,4259616
1874,2719,4262335
1875,2485,4264820
1876,2244,4267064
1877,2480,4269544
1878,2532,4272076
1879,2382,4274458
1880,2814,4277272
1881,2590,4279862
1882,2258,4282120
1883,1969,4284089
1884,2378,4286467
1885,2386,4288853
1886,2137,4290990
1887,2361,4293351
1888,2556,4295907
1889,2188,4298095
1890,2149,4300244
1891,2353,4302597
1892,2249,4304846
1893,2182,4307028
1894,2522,4309550
1895,2245,4311795
1896,2451,4314246
1897,2610,4316856
1898,2543,4319399
1899,2310,4321709
1900,1845,4323554
1901,2274,4325828
1902,2485,4328313
1903,2484,4330797
1904,2266,4333063
1905,2554,4335617
1906,2356,4337973
1907,2448,4340421
1908,2353,4342774
1909,1948,4344722
1910,2289,4347011
1911,2552,4349563
1912,2819,4352382
1913,2311,4354693
1914,2398,4357091
1915,2282,4359373
1916,2463,4361836
1917,2342,4364178
1918,2487,4366665
1919,2781,4369446
1920,2534,4371980
1921,2495,4374475
1922,2536,4377011
1923,2863,4379874
1924,2754,4382628
1925,2621,4385249
1926,2567,4387816
1927,2431,4390247
1928,2255,4392502
1929,2437,4394939
1930,2448,4397387
1931,2431,4399818
1932,2416,4402234
1933,1706,4403940
1934,1942,4405882
1935,2085,4407967
1936,1744,4409711
1937,2327,4412038
1938,1408,4413446
1939,2415,4415861
1940,1665,4417526
1941,1757,4419283
1942,2573,4421856
1943,2271,4424127
1944,1957,4426084
1945,2256,4428340
1946,2247,4430587
1947,2150,4432737
1948,1686,4434423
1949,2426,4436849
1950,2743,4439592
1951,2225,4441817
1952,2589,4444406
1953,2766,4447172
1954,1969,4449141
1955,1943,4451084
1956,2431,4453515
1957,1950,4455465
1958,1952,4457417
1959,2283,4459700
1960,2247,4461947
1961,2268,4464215
1962,2458,4466673
1963,1256,4467929
1964,1345,4469274
1965,1698,4470972
1966,2291,4473263
1967,2632,4475895
1968,2058,4477953
1969,2317,4480270
1970,2352,4482622
1971,2517,4485139
1972,2453,4487592
1973,2397,4489989
1974,1887,4491876
1975,1995,4493871
1976,2203,4496074
1977,2517,4498591
1978,2482,4501073
1979,2456,4503529
1980,1562,4505091
1981,2180,4507271
1982,2234,4509505
1983,2184,4511689
1984,2053,4513742
1985,2589,4516331
1986,2378,4518709
1987,2660,4521369
1988,2520,4523889
1989,2651,4526540
1990,2519,4529059
1991,2575,4531634
1992,1328,4532962
1993,789,4533751
1994,1112,4534863
1995,1526,4536389
1996,1037,4537426
1997,1176,4538602
1998,2100,4540702
1999,2199,4542901
2000,2564,4545465
2001,2725,4548190
2002,2457,4550647
2003,2319,4552966
2004,2453,4555419
2005,2434,4557853
2006,2479,4560332
2007,2342,4562674
2008,2323,4564997
2009,2604,4567601
2010,2149,4569750
2011,1967,4571717
2012,2175,4573892
2013,2742,4576634
2014,2401,4579035
2015,2646,4581681
2016,2671,4584352
2017,2552,4586904
2018,2670,4589574
2019,1331,4590905
2020,2236,4593141
2021,2639,4595780
2022,2188,4597968
2023,2009,4599977
2024,2339,4602316
2025,2353,4604669
2026,2107,4606776
2027,2557,4609333
2028,2292,4611625
2029,2483,4614108
2030,2355,4616463
2031,2594,4619057
2032,1592,4620649
2033,2856,4623505
2034,2481,4625986
2035,2638,4628624
2036,2539,4631163
2037,2664,4633827
2038,1551,4635378
2039,1059,4636437
2040,1635,4638072
2041,2390,4640462
2042,2667,4643129
2043,2449,4645578
2044,2610,4648188
2045,2727,4650915
2046,2282,4653197
2047,2309,4655506
2048,2252,4657758
2049,2813,4660571
2050,2272,4662843
2051,2154,4664997
2052,2202,4667199
2053,2060,4669259
2054,2650,4671909
2055,2452,4674361
2056,2088,4676449
2057,2294,4678743
2058,2279,4681022
2059,2822,4683844
2060,2646,4686490
2061,2126,4688616
2062,2181,4690797
2063,2347,4693144
2064,2187,4695331
2065,1953,4697284
2066,2573,4699857
2067,2404,4702261
2068,2660,4704921
2069,2182,4707103
2070,2352,4709455
2071,2886,4712341
2072,1133,4713474
2073,962,4714436
2074,1936,4716372
2075,2039,4718411
2076,2468,4720879
2077,2175,4723054
2078,2271,4725325
2079,2263,4727588
2080,1910,4729498
2081,1880,4731378
2082,2243,4733621
2083,1930,4735551
2084,2470,4738021
2085,2233,4740254
2086,2007,4742261
2087,2609,4744870
2088,2604,4747474
2089,2668,4750142
2090,2674,4752816
2091,2651,4755467
2092,2515,4757982
2093,1878,4759860
2094,1354,4761214
2095,631,4761845
2096,2526,4764371
2097,2584,4766955
2098,2660,4769615
2099,2660,4772275
2100,2376,4774651
2101,2657,4777308
2102,2140,4779448
2103,1898,4781346
2104,1995,4783341
2105,2454,4785795
2106,2437,4788232
2107,2206,4790438
2108,2278,4792716
2109,2507,4795223
2110,2801,4798024
2111,2763,4800787
2112,2517,4803304
2113,1829,4805133
2114,1192,4806325
2115,2451,4808776
2116,1979,4810755
2117,2294,4813049
2118,2184,4815233
2119,2385,4817618
2120,2215,4819833
2121,2345,4822178
2122,2104,4824282
2123,2219,4826501
2124,2467,4828968
2125,2211,4831179
2126,2428,4833607
2127,1999,4835606
2128,2167,4837773
2129,2269,4840042
2130,2242,4842284
2131,2279,4844563
2132,2461,4847024
2133,2506,4849530
2134,2243,4851773
2135,1964,4853737
2136,2678,4856415
2137,2499,4858914
2138,2191,4861105
2139,2366,4863471
2140,1946,4865417
2141,2711,4868128
2142,2480,4870608
2143,2255,4872863
2144,2394,4875257
2145,2369,4877626
2146,2597,4880223
2147,2447,4882670
2148,2510,4885180
2149,2508,4887688
2150,2509,4890197
2151,2957,4893154
2152,2675,4895829
2153,2368,4898197
2154,2197,4900394
2155,1456,4901850
2156,2125,4903975
2157,2446,4906421
2158,2637,4909058
2159,2483,4911541
2160,2552,4914093
2161,2424,4916517
2162,2531,4919048
2163,2782,4921830
2164,2291,4924121
2165,2319,4926440
2166,2623,4929063
2167,2321,4931384
2168,2630,4934014
2169,2107,4936121
2170,2502,4938623
2171,2363,4940986
2172,2713,4943699
2173,2610,4946309
2174,2569,4948878
2175,2729,4951607
2176,2182,4953789
2177,2531,4956320
2178,2575,4958895
2179,2209,4961104
2180,1683,4962787
2181,2352,4965139
2182,1728,4966867
2183,1589,4968456
2184,2379,4970835
2185,2154,4972989
2186,2345,4975334
2187,2385,4977719
2188,2440,4980159
2189,2035,4982194
2190,2674,4984868
2191,2329,4987197
2192,2415,4989612
2193,2559,4992171
2194,2110,4994281
2195,2451,4996732
2196,2147,4998879
2197,2460,5001339
2198,2564,5003903
2199,2428,5006331
2200,2581,5008912
2201,2868,5011780
2202,2864,5014644
2203,2756,5017400
2204,2710,5020110
2205,2478,5022588
2206,2446,5025034
2207,2377,5027411
2208,2518,5029929
2209,2394,5032323
2210,2519,5034842
2211,2458,5037300
2212,2686,5039986
2213,2766,5042752
2214,2515,5045267
2215,2825,5048092
2216,2524,5050616
2217,2813,5053429
2218,2278,5055707
2219,2437,5058144
2220,2101,5060245
2221,2555,5062800
2222,2132,5064932
2223,1874,5066806
2224,2261,5069067
2225,2523,5071590
2226,2706,5074296
2227,2305,5076601
2228,2157,5078758
2229,1986,5080744
2230,2699,5083443
2231,1429,5084872
2232,1947,5086819
2233,2243,5089062
2234,2097,5091159
2235,2326,5093485
2236,2563,5096048
2237,2530,5098578
2238,2497,5101075
2239,2366,5103441
2240,2770,5106211
2241,2491,5108702
2242,2395,5111097
2243,2777,5113874
2244,2095,5115969
2245,2423,5118392
2246,2530,5120922
2247,1469,5122391
2248,2253,5124644
2249,2637,5127281
2250,2760,5130041
2251,2337,5132378
2252,2414,5134792
2253,2898,5137690
2254,2862,5140552
2255,2634,5143186
2256,2464,5145650
2257,2805,5148455
2258,2886,5151341
2259,2787,5154128
2260,2773,5156901
2261,2370,5159271
2262,2579,5161850
2263,2370,5164220
2264,2039,5166259
2265,2205,5168464
2266,2249,5170713
2267,2589,5173302
2268,1758,5175060
2269,1388,5176448
2270,1032,5177480
2271,1528,5179008
2272,2792,5181800
2273,2421,5184221
2274,2205,5186426
2275,2674,5189100
2276,2551,5191651
2277,2536,5194187
2278,2684,5196871
2279,2476,5199347
2280,2321,5201668
2281,2776,5204444
2282,2902,5207346
2283,2656,5210002
2284,2718,5212720
2285,2698,5215418
2286,2103,5217521
2287,2190,5219711
2288,2442,5222153
2289,2101,5224254
2290,2023,5226277
2291,2442,5228719
2292,2312,5231031
2293,2392,5233423
2294,2000,5235423
2295,2263,5237686
2296,2242,5239928
2297,2054,5241982
2298,2481,5244463
2299,1885,5246348
2300,2362,5248710
2301,2013,5250723
2302,2407,5253130
2303,2205,5255335
2304,2585,5257920
2305,2070,5259990
2306,2489,5262479
2307,2330,5264809
2308,2580,5267389
2309,2488,5269877
2310,2304,5272181
2311,2313,5274494
2312,2052,5276546
2313,2701,5279247
2314,2732,5281979
2315,2624,5284603
2316,2574,5287177
2317,2538,5289715
2318,2390,5292105
2319,2353,5294458
2320,2504,5296962
2321,2434,5299396
2322,2250,5301646
2323,2513,5304159
2324,2502,5306661
2325,2347,5309008
2326,2393,5311401
2327,2490,5313891
2328,2270,5316161
2329,2330,5318491
2330,2552,5321043
2331,2105,5323148
2332,2333,5325481
2333,2309,5327790
2334,2079,5329869
2335,1732,5331601
2336,2098,5333699
2337,2549,5336248
2338,2332,5338580
2339,2529,5341109
2340,2391,5343500
2341,2087,5345587
2342,2528,5348115
2343,2576,5350691
2344,2664,5353355
2345,2557,5355912
2346,2614,5358526
2347,2643,5361169
2348,2589,5363758
2349,2179,5365937
2350,2257,5368194
2351,2398,5370592
2352,2304,5372896
2353,2069,5374965
2354,2041,5377006
2355,2611,5379617
2356,2558,5382175
2357,2619,5384794
2358,2498,5387292
2359,2342,5389634
2360,2059,5391693
2361,2376,5394069
2362,2324,5396393
2363,2437,5398830
2364,2310,5401140
2365,2421,5403561
2366,2367,5405928
2367,2541,5408469
2368,2247,5410716
2369,2323,5413039
2370,2371,5415410
2371,2362,5417772
2372,2386,5420158
2373,2192,5422350
2374,2155,5424505
2375,2114,5426619
2376,2102,5428721
2377,2198,5430919
2378,1919,5432838
2379,1844,5434682
2380,2229,5436911
2381,1817,5438728
2382,2496,5441224
2383,2559,5443783
2384,2323,5446106
2385,2345,5448451
2386,2557,5451008
2387,2518,5453526
2388,2469,5455995
2389,2207,5458202
2390,2461,5460663
2391,2572,5463235
2392,2652,5465887
2393,2447,5468334
2394,1790,5470124
2395,2025,5472149
2396,2602,5474751
2397,2602,5477353
2398,2506,5479859
2399,2524,5482383
2400,2276,5484659
2401,2571,5487230
2402,2558,5489788
2403,2592,5492380
2404,2343,5494723
2405,2561,5497284
2406,1948,5499232
2407,2232,5501464
2408,2086,5503550
2409,2348,5505898
2410,1897,5507795
2411,2084,5509879
2412,2458,5512337
2413,2398,5514735
2414,2396,5517131
2415,2276,5519407
2416,2618,5522025
2417,2599,5524624
2418,2094,5526718
2419,1951,5528669
2420,2269,5530938
2421,2249,5533187
2422,1928,5535115
2423,2165,5537280
2424,2494,5539774
2425,2660,5542434
2426,2604,5545038
2427,1863,5546901
2428,2063,5548964
2429,2449,5551413
2430,1884,5553297
2431,2551,5555848
2432,2601,5558449
2433,2640,5561089
2434,2397,5563486
2435,2259,5565745
2436,2160,5567905
2437,1986,5569891
2438,2760,5572651
2439,2371,5575022
2440,2538,5577560
2441,2482,5580042
2442,2389,5582431
2443,2363,5584794
2444,2301,5587095
2445,2381,5589476
2446,2365,5591841
2447,2450,5594291
2448,1616,5595907
2449,1687,5597594
2450,1607,5599201
2451,2258,5601459
2452,2235,5603694
2453,2223,5605917
2454,2637,5608554
2455,2176,5610730
2456,2024,5612754
2457,2080,5614834
2458,2106,5616940
2459,2206,5619146
2460,2476,5621622
2461,2717,5624339
2462,2539,5626878
2463,2480,5629358
2464,2660,5632018
2465,2503,5634521
2466,2621,5637142
2467,2262,5639404
2468,2264,5641668
2469,2052,5643720
2470,2068,5645788
2471,2334,5648122
2472,1871,5649993
2473,2300,5652293
2474,2198,5654491
2475,2287,5656778
2476,2158,5658936
2477,2333,5661269
2478,2328,5663597
2479,2215,5665812
2480,2000,5667812
2481,2201,5670013
2482,2459,5672472
2483,2357,5674829
2484,2187,5677016
2485,2209,5679225
2486,2148,5681373
2487,1909,5683282
2488,2053,5685335
2489,2590,5687925
2490,2492,5690417
2491,2657,5693074
2492,2701,5695775
2493,2875,5698650
2494,2383,5701033
2495,2474,5703507
2496,2354,5705861
2497,2341,5708202
2498,2678,5710880
2499,2684,5713564
2500,2358,5715922
2501,2331,5718253
2502,2450,5720703
2503,2404,5723107
2504,2287,5725394
2505,2145,5727539
2506,2450,5729989
2507,2526,5732515
2508,2781,5735296
2509,2750,5738046
2510,2401,5740447
2511,2366,5742813
2512,2087,5744900
2513,2418,5747318
2514,2189,5749507
2515,1469,5750976
2516,2460,5753436
2517,1854,5755290
2518,2910,5758200
2519,2332,5760532
2520,1808,5762340
2521,2078,5764418
2522,2405,5766823
2523,2182,5769005
2524,2130,5771135
2525,2524,5773659
2526,2657,5776316
2527,2591,5778907
2528,2633,5781540
2529,2663,5784203
2530,2560,5786763
2531,2199,5788962
2532,2379,5791341
2533,2275,5793616
2534,1267,5794883
2535,2114,5796997
2536,2295,5799292
2537,2341,5801633
2538,1341,5802974
2539,2259,5805233
2540,2375,5807608
2541,1595,5809203
2542,1066,5810269
2543,1789,5812058
2544,1910,5813968
2545,1923,5815891
2546,1460,5817351
2547,1430,5818781
2548,1701,5820482
2549,1994,5822476
2550,1764,5824240
2551,1987,5826227
2552,1746,5827973
2553,1880,5829853
2554,1966,5831819
2555,1677,5833496
2556,1717,5835213
2557,1178,5836391
2558,1745,5838136
2559,1994,5840130
2560,2035,5842165
2561,1914,5844079
2562,1990,5846069
2563,1890,5847959
2564,1973,5849932
2565,2008,5851940
2566,2007,5853947
2567,1995,5855942
2568,1960,5857902
2569,1937,5859839
2570,1829,5861668
2571,1902,5863570
2572,1866,5865436
2573,1795,5867231
2574,1859,5869090
2575,2051,5871141
2576,2075,5873216
2577,1788,5875004
2578,1750,5876754
2579,1918,5878672
2580,1594,5880266
2581,1794,5882060
2582,1849,5883909
2583,1782,5885691
2584,2000,5887691
2585,1859,5889550
2586,1965,5891515
2587,1553,5893068
2588,1867,5894935
2589,2039,5896974
2590,2035,5899009
2591,1841,5900850
2592,1999,5902849
2593,1987,5904836
2594,2033,5906869
2595,2034,5908903
2596,1588,5910491
2597,1350,5911841
2598,1473,5913314
2599,1441,5914755
2600,1672,5916427
2601,1827,5918254
2602,1764,5920018
2603,1758,5921776
2604,1773,5923549
2605,1760,5925309
2606,1777,5927086
2607,1797,5928883
2608,1685,5930568
2609,1576,5932144
2610,1827,5933971
2611,1868,5935839
2612,1895,5937734
2613,1915,5939649
2614,1907,5941556
2615,1926,5943482
2616,1843,5945325
2617,1850,5947175
2618,1765,5948940
2619,1925,5950865
2620,1880,5952745
2621,1936,5954681
2622,1885,5956566
2623,1940,5958506
2624,1904,5960410
2625,1847,5962257
2626,1879,5964136
2627,1903,5966039
2628,2202,5968241
2629,2436,5970677
2630,2515,5973192
2631,2458,5975650
2632,2285,5977935
2633,2310,5980245
2634,2340,5982585
2635,2360,5984945
2636,2405,5987350
2637,2636,5989986
2638,2395,5992381
2639,2346,5994727
2640,2632,5997359
2641,2458,5999817
2642,2441,6002258
2643,2429,6004687
2644,2464,6007151
2645,2603,6009754
2646,2583,6012337
2647,2413,6014750
2648,2599,6017349
2649,2386,6019735
2650,2392,6022127
2651,2438,6024565
2652,2472,6027037
2653,2521,6029558
2654,2435,6031993
2655,2346,6034339
2656,2487,6036826
2657,2461,6039287
2658,2515,6041802
2659,2512,6044314
2660,2451,6046765
2661,2411,6049176
2662,2389,6051565
2663,2472,6054037
2664,2484,6056521
2665,2492,6059013
2666,2427,6061440
2667,2430,6063870
2668,2492,6066362
2669,2420,6068782
2670,2423,6071205
2671,2503,6073708
2672,2489,6076197
2673,2400,6078597
2674,2385,6080982
2675,2444,6083426
2676,2402,6085828
2677,2350,6088178
2678,2287,6090465
2679,2318,6092783
2680,2494,6095277
2681,2432,6097709
2682,2385,6100094
2683,2508,6102602
2684,2470,6105072
2685,2415,6107487
2686,2586,6110073
2687,2414,6112487
2688,2600,6115087
2689,2312,6117399
